-88
-42
-48
-24
-48
-56
-40
-66
-112
-46
-6
-40
-56
-38
-52
-38
-14
-48
-92
-10
-50
-82
-72
-72
-92
-16
-16
-20
30
50
-32
-4
-38
-38
-58
-58
-42
-72
-50
-60
-70
-62
-50
-58
-36
-18
-58
-106
-42
68
-10
30
-18
-32
42
-44
-34
10
-32
-82
42
-70
-2
44
-70
-42
-60
-50
-62
-48
-76
-56
-64
-60
-42
2
-66
-56
-12
-50
2
-2
-26
-86
-32
-108
54
-20
-58
28
-6
-98
22
-32
-64
34
-54
-36
-58
-50
-38
-68
-72
-50
-22
-76
-52
-20
-28
-44
-68
-62
16
-30
-62
-94
54
22
30
-72
-16
78
36
64
-32
58
-82
-54
-14
-54
-20
-34
-52
4
-32
-62
-30
-62
-38
-32
-60
-62
-34
-4
-30
76
20
-40
-32
34
-64
-2
2
-34
42
-14
-48
50
-8
-84
-64
-22
-30
-46
-44
-64
-56
-48
-104
-34
-26
-44
-84
-2
-26
-70
-132
-84
42
12
-56
-46
-32
-68
4
-68
-96
-56
-40
54
-58
16
-36
-70
-20
-16
-28
8
4
-58
-12
-54
-28
-40
-62
-44
-42
-80
48
-52
8
-82
-38
98
50
-42
24
-68
-64
-90
-68
-60
-48
-34
-24
-64
-60
-68
-32
-54
-28
-56
-18
-40
-20
-52
-30
-36
-74
-12
24
-68
42
-38
-42
-64
24
68
34
-10
-32
0
-28
-36
-94
-80
-54
-56
-60
-32
-34
-36
-36
-40
-22
-62
-36
-78
-58
-64
-30
-8
0
-92
76
-68
-158
64
-60
-56
16
60
20
72
-70
18
38
-22
10
-50
-48
-54
-40
-82
-26
-64
-44
-64
-52
-64
-38
2
-48
-30
-32
-30
24
-86
-24
-42
44
-26
-10
16
-64
-60
-60
-18
-40
50
-32
-46
-84
-44
-38
-72
-40
-72
-6
-16
-56
-74
-70
-62
-38
-56
-50
-68
-18
-44
-74
-40
-70
14
46
66
-60
-60
-32
-58
-4
-52
-44
-32
-86
-38
-56
16
-36
-8
-44
-22
-42
-48
-20
-46
-52
-32
-58
-72
38
12
66
-2
-60
-68
30
-40
78
48
-30
-2
-62
38
-26
-58
-36
-60
2
-46
-66
-74
-30
-34
-36
-30
-54
-60
-48
-46
-44
30
-74
-80
38
-116
-58
-20
30
62
-26
-40
-52
58
-50
32
-46
-28
-56
50
-28
-42
-20
-46
-18
-52
-24
-30
-62
-70
-4
-36
-104
-74
-62
-42
48
-76
4
34
-32
-52
-72
0
-84
-72
30
-52
-50
0
-58
-44
-56
-58
-70
-50
-66
-58
-30
-34
-22
-82
-40
-52
-20
-80
-82
38
-28
30
-62
16
-56
38
76
-22
-64
-10
102
66
-36
-50
-50
-70
34
-54
-24
-40
-92
-50
-56
-84
-20
-50
-64
-50
-70
18
32
30
-4
-78
24
-8
-66
30
-52
-92
50
24
-72
-26
-52
-24
-90
-50
-58
4
-36
-4
-40
-20
-72
-20
-58
-78
-48
-34
-56
-46
10
-52
-102
-42
-54
-54
-28
-30
-96
40
-70
-68
52
30
-58
-68
-36
-16
-74
-46
-10
-34
-54
-56
-50
-52
-24
-56
-22
-22
-20
-54
-82
-86
44
70
-40
-64
-48
-54
-60
-30
8
-100
-92
12
-54
-14
-48
-32
-38
-58
-64
-36
-44
-60
-30
-40
-24
-34
-110
-62
70
2
54
60
-38
-72
28
28
-38
22
-38
-50
-72
68
0
16
-40
-72
-42
-46
-24
-32
-52
-78
-52
-42
-58
-54
-10
-58
-54
-34
-44
16
-42
-128
-58
12
-14
-84
50
-60
-60
32
-90
-68
24
28
-62
-72
-38
-40
-78
-40
-56
-32
-48
-72
-38
-24
-60
-58
-64
-70
22
10
-44
-54
-76
-62
54
32
22
-18
-52
-14
-66
50
56
-38
4
-68
-66
-54
-76
-34
-52
-38
-44
-40
-60
-70
-30
-8
-30
-70
-6
4
30
-70
24
-50
-52
0
-54
-48
78
-14
-32
-60
-30
-42
-62
-74
-24
-54
-60
-60
-28
-68
-64
14
-60
-58
-30
-44
-68
-40
-74
60
-74
-36
102
-54
-82
14
-34
-64
-54
-102
6
52
-18
-12
-48
-66
-34
-16
-58
-12
-50
-40
16
-6
-36
-60
-78
-40
-48
-34
-20
-54
52
-66
54
24
-56
-38
50
46
-42
-72
-64
-16
56
2
-96
-70
-50
-46
-18
-30
-46
-20
-32
-30
-72
-36
-16
-40
-38
-42
28
-72
0
86
-52
-76
36
66
-50
-42
-12
-12
4
-18
-28
66
-14
-46
-38
-40
-46
-50
-80
-10
-18
-32
-64
-16
-24
-24
-46
-50
0
-38
-122
56
-96
34
-70
-12
32
98
84
-60
-20
-112
-16
44
-52
-40
-32
-32
-2
-36
-22
-38
-62
-40
-36
-32
-24
-42
-74
-46
-56
-56
-98
-78
-84
-86
-70
-88
-18
54
-106
-28
56
2
-60
-6
-54
-52
-54
-54
-36
-34
-28
-44
-56
-16
-32
-62
14
-58
40
-62
-48
-34
-42
16
80
-64
-60
56
48
-2
10
-36
40
-96
-36
-40
-48
-60
-42
-28
-56
-58
54
4
0
-52
-74
-12
-66
-48
-74
-64
66
-96
52
10
32
-8
-80
-72
0
4
-58
40
42
38
-72
-4
-44
-46
-56
-62
-52
-32
-56
-50
-46
-34
-38
-106
-50
-56
-30
-66
50
-36
-54
-56
-88
66
52
-64
-48
-50
60
-114
-50
44
-70
-44
-24
-24
-92
-26
-64
-68
-34
-18
-22
-42
-54
-58
4
-40
-90
-64
-30
0
-40
66
-32
24
-70
12
-28
6
42
32
-30
42
-12
-10
-64
-62
-40
-28
-56
-64
-42
-68
-56
-30
-60
-60
-68
-36
-96
-76
-40
-32
-52
60
-24
28
0
-4
-80
-88
-84
22
42
-70
-70
106
